0 1 
0 2 
0 3 
0 4 
0 5 
0 6 
0 7 
0 8 
0 9 
0 10 
0 11 
0 12 
0 13 
0 14 
0 15 
0 16 
0 17 
0 18 
0 19 
0 20 
0 21 
0 22 
0 23 
0 24 
0 25 
0 26 
0 27 
0 28 
0 29 
0 30 
0 31 
0 32 
0 33 
0 34 
0 35 
0 36 
0 37 
0 38 
0 39 
0 40 
0 41 
0 42 
0 43 
0 44 
0 45 
0 46 
0 47 
0 48 
0 49 
0 50 
0 51 
0 52 
0 53 
0 54 
0 55 
0 56 
0 57 
0 58 
0 59 
0 60 
0 61 
0 62 
0 63 
0 64 
0 65 
0 66 
0 67 
0 68 
0 69 
0 70 
0 71 
0 72 
0 73 
0 74 
0 75 
0 76 
0 77 
0 78 
0 79 
0 80 
0 81 
0 82 
0 83 
0 84 
0 85 
0 86 
0 87 
0 88 
0 89 
0 90 
0 91 
0 92 
0 93 
0 94 
0 95 
0 96 
0 97 
0 98 
0 99 
0 100 
0 101 
0 102 
0 103 
0 104 
0 105 
0 106 
0 107 
0 108 
0 109 
0 110 
0 111 
0 112 
0 113 
0 114 
0 115 
0 116 
0 117 
0 118 
0 119 
0 120 
0 121 
0 122 
0 123 
0 124 
0 125 
0 126 
0 127 
0 128 
0 129 
0 130 
0 131 
0 132 
0 133 
0 134 
0 135 
0 136 
0 137 
0 138 
0 139 
0 140 
0 141 
0 142 
0 143 
0 144 
0 145 
0 146 
0 147 
0 148 
0 149 
0 150 
0 151 
0 152 
0 153 
0 154 
0 155 
0 156 
0 157 
0 158 
0 159 
0 160 
0 161 
0 162 
0 163 
0 164 
0 165 
0 166 
0 167 
0 168 
0 169 
0 170 
0 171 
0 172 
0 173 
0 174 
0 175 
0 176 
0 177 
0 178 
0 179 
0 180 
0 181 
0 182 
0 183 
0 184 
0 185 
0 186 
0 187 
0 188 
0 189 
0 190 
0 191 
0 192 
0 193 
0 194 
0 195 
0 196 
0 197 
0 198 
0 199 
0 200 
0 201 
0 202 
0 203 
0 204 
0 205 
0 206 
0 207 
0 208 
0 209 
0 210 
0 211 
0 212 
0 213 
0 214 
0 215 
0 216 
0 217 
0 218 
0 219 
0 220 
0 221 
0 222 
0 223 
0 224 
0 225 
0 226 
0 227 
0 228 
0 229 
0 230 
0 231 
0 232 
0 233 
0 234 
0 235 
0 236 
0 237 
0 238 
0 239 
0 240 
0 241 
0 242 
0 243 
0 244 
0 245 
0 246 
0 247 
0 248 
0 249 
0 250 
0 251 
0 252 
0 253 
0 254 
0 255 
0 256 
0 257 
0 258 
0 259 
0 260 
0 261 
0 262 
0 263 
0 264 
0 265 
0 266 
0 267 
0 268 
0 269 
0 270 
0 271 
0 272 
0 273 
0 274 
0 275 
0 276 
0 277 
0 278 
0 279 
0 280 
0 281 
0 282 
0 283 
0 284 
0 285 
0 286 
0 287 
0 288 
0 289 
0 290 
0 291 
0 292 
0 293 
0 294 
0 295 
0 296 
0 297 
0 298 
0 299 
0 300 
0 301 
0 302 
0 303 
0 304 
0 305 
0 306 
0 307 
0 308 
0 309 
0 310 
0 311 
0 312 
0 313 
0 314 
0 315 
0 316 
0 317 
0 318 
0 319 
0 320 
0 321 
0 322 
0 323 
0 324 
0 325 
0 326 
0 327 
0 328 
0 329 
0 330 
0 331 
0 332 
0 333 
0 334 
0 335 
0 336 
0 337 
0 338 
0 339 
0 340 
0 341 
0 342 
0 343 
0 344 
0 345 
0 346 
0 347 
0 348 
0 349 
0 350 
0 351 
0 352 
0 353 
0 354 
0 355 
0 356 
0 357 
0 358 
0 359 
0 360 
0 361 
0 362 
0 363 
0 364 
0 365 
0 366 
0 367 
0 368 
0 369 
0 370 
0 371 
0 372 
0 373 
0 374 
0 375 
0 376 
0 377 
0 378 
0 379 
0 380 
0 381 
0 382 
0 383 
0 384 
0 385 
0 386 
0 387 
0 388 
0 389 
0 390 
0 391 
0 392 
0 393 
0 394 
0 395 
0 396 
0 397 
0 398 
0 399 
0 400 
0 401 
0 402 
0 403 
0 404 
0 405 
0 406 
0 407 
0 408 
0 409 
0 410 
0 411 
0 412 
0 413 
0 414 
0 415 
0 416 
0 417 
0 418 
0 419 
0 420 
0 421 
0 422 
0 423 
0 424 
0 425 
0 426 
0 427 
0 428 
0 429 
0 430 
0 431 
0 432 
0 433 
0 434 
0 435 
0 436 
0 437 
0 438 
0 439 
0 440 
0 441 
0 442 
0 443 
0 444 
0 445 
0 446 
0 447 
0 448 
0 449 
0 450 
0 451 
0 452 
0 453 
0 454 
0 455 
0 456 
0 457 
0 458 
0 459 
0 460 
0 461 
0 462 
0 463 
0 464 
0 465 
0 466 
0 467 
0 468 
0 469 
0 470 
0 471 
0 472 
0 473 
0 474 
0 475 
0 476 
0 477 
0 478 
0 479 
0 480 
0 481 
0 482 
0 483 
0 484 
0 485 
0 486 
0 487 
0 488 
0 489 
0 490 
0 491 
0 492 
0 493 
0 494 
0 495 
0 496 
0 497 
0 498 
0 499 
0 500 
0 501 
0 502 
0 503 
0 504 
0 505 
0 506 
0 507 
0 508 
0 509 
0 510 
0 511 
0 512 
0 513 
0 514 
0 515 
0 516 
0 517 
0 518 
0 519 
0 520 
0 521 
0 522 
0 523 
0 524 
0 525 
0 526 
0 527 
0 528 
0 529 
0 530 
0 531 
0 532 
0 533 
0 534 
0 535 
0 536 
0 537 
0 538 
0 539 
0 540 
0 541 
0 542 
0 543 
0 544 
0 545 
0 546 
0 547 
0 548 
0 549 
0 550 
0 551 
0 552 
0 553 
0 554 
0 555 
0 556 
0 557 
0 558 
0 559 
0 560 
0 561 
0 562 
0 563 
0 564 
0 565 
0 566 
0 567 
0 568 
0 569 
0 570 
0 571 
0 572 
0 573 
0 574 
0 575 
0 576 
0 577 
0 578 
0 579 
0 580 
0 581 
0 582 
0 583 
0 584 
0 585 
0 586 
0 587 
0 588 
0 589 
0 590 
0 591 
0 592 
0 593 
0 594 
0 595 
0 596 
0 597 
0 598 
0 599 
0 600 
0 601 
0 602 
0 603 
0 604 
0 605 
0 606 
0 607 
0 608 
0 609 
0 610 
0 611 
0 612 
0 613 
0 614 
0 615 
0 616 
0 617 
0 618 
0 619 
0 620 
0 621 
0 622 
0 623 
0 624 
0 625 
0 626 
0 627 
0 628 
0 629 
0 630 
0 631 
0 632 
0 633 
0 634 
0 635 
0 636 
0 637 
0 638 
0 639 
0 640 
0 641 
0 642 
0 643 
0 644 
0 645 
0 646 
0 647 
0 648 
0 649 
0 650 
0 651 
0 652 
0 653 
0 654 
0 655 
0 656 
0 657 
0 658 
0 659 
0 660 
0 661 
0 662 
0 663 
0 664 
0 665 
0 666 
0 667 
0 668 
0 669 
0 670 
0 671 
0 672 
0 673 
0 674 
0 675 
0 676 
0 677 
0 678 
0 679 
0 680 
0 681 
0 682 
0 683 
0 684 
0 685 
0 686 
0 687 
0 688 
0 689 
0 690 
0 691 
0 692 
0 693 
0 694 
0 695 
0 696 
0 697 
0 698 
0 699 
0 700
4 0
4 266
4 219
4 418
4 315
4 319
4 148
4 323
4 6
4 629
4 409
4 324
4 104
4 424
4 645
4 325
4 403
4 411
4 460
4 383
4 296
4 388
4 367
4 333
4 61
4 525
4 171
4 470
4 374
4 381
5 12
6 0
6 631
6 193
6 266
6 429
6 245
6 652
6 380
6 533
6 67
6 299
6 393
6 402
6 361
6 412
6 676
6 395
6 221
6 494
6 65
6 219
6 418
6 280
6 165
6 565
6 246
6 404
6 399
6 137
6 315
6 106
6 576
6 4
6 319
6 427
6 323
6 570
6 554
6 629
6 454
6 174
6 485
6 306
6 409
6 324
6 104
6 397
6 408
6 424
6 645
6 325
6 487
6 254
6 410
6 384
6 403
6 417
6 541
6 411
6 460
6 383
6 373
6 406
6 348
6 278
6 496
6 296
6 481
6 624
6 388
6 413
6 367
6 333
6 336
6 407
6 61
6 171
6 297
6 470
6 318
6 374
6 471
6 558
6 385
6 405
6 357
6 515
6 335
6 26
8 612
8 648
9 626
9 207
9 16
9 192
9 308
9 231
9 294
10 150
10 259
10 285
10 538
10 146
10 40
10 239
10 87
10 329
10 595
10 249
12 701 
12 702 
12 703 
12 704 
12 705 
12 706 
12 707 
12 708 
12 709 
12 710 
12 711 
12 712 
12 713 
12 19 
12 714 
12 715 
12 716 
12 717 
12 718 
12 719 
12 720 
12 721 
12 722 
12 723 
12 724 
12 725 
12 726 
12 727 
12 728 
12 729 
12 730 
12 731 
12 732 
12 733 
12 734 
12 735 
12 736 
12 737 
12 738 
12 739 
12 740 
12 741 
12 742 
12 743 
12 744 
12 745 
12 746 
12 747 
12 748 
12 749 
12 750 
12 751 
12 752 
12 753 
12 754 
12 755 
12 756 
12 757 
12 758 
12 759 
12 760 
12 761 
12 762 
12 763 
12 764 
12 765 
12 766 
12 767 
12 768 
12 769 
12 770 
12 771 
12 772 
12 773 
12 774 
12 775 
12 776 
12 777 
12 778 
12 779 
12 780 
12 781 
12 782 
12 783 
12 784 
12 785 
12 786 
12 787 
12 788 
12 789 
12 790 
12 791 
12 792 
12 793 
12 794 
12 795 
12 796 
12 797 
12 798 
12 799 
12 800 
12 801 
12 802 
12 803 
12 804 
12 805 
12 806 
12 807 
12 808 
12 809 
12 810 
12 811 
12 812 
12 813 
12 814 
12 815 
12 816 
12 817 
12 818 
12 819 
12 820 
12 821 
12 822 
12 823 
12 824 
12 825 
12 826 
12 827 
12 828 
12 829 
12 830 
12 831 
12 832 
12 833 
12 834 
12 835 
12 836 
12 837 
12 838 
12 839 
12 840 
12 841 
12 842 
12 843 
12 844 
12 845 
12 846 
12 847 
12 848 
12 849 
12 850 
12 851 
12 852 
12 853 
12 854 
12 855 
12 856 
12 857 
12 858 
12 859 
12 860 
12 861 
12 862 
12 863 
12 864 
12 865 
12 866 
12 867 
12 868 
12 869 
12 870 
12 871 
12 872 
12 873 
12 504 
12 874 
12 875 
12 876 
12 877 
12 878 
12 879 
12 880 
12 881 
12 882 
12 883 
12 884 
12 885 
12 886 
12 887 
12 888 
12 889 
12 890 
12 891 
12 892 
12 893 
12 894 
12 895 
12 896 
12 897 
12 898 
12 899 
12 900 
12 901 
12 902 
12 903 
12 904 
12 905 
12 906 
12 907 
12 908 
12 909 
12 910 
12 911 
12 912 
12 913 
12 914 
12 915 
12 916 
12 917 
12 918 
12 919 
12 5 
12 920 
12 921 
12 922 
12 923 
12 924 
12 925 
12 926 
12 927 
12 928 
12 929 
12 930 
12 931 
12 156 
12 932 
12 933 
12 934 
12 935 
12 936 
12 937 
12 938 
12 939 
12 940 
12 941 
12 942 
12 943 
12 944 
12 945 
12 946 
12 947 
12 948 
12 949 
12 950 
12 951 
12 952 
12 953 
12 954 
12 955 
12 956 
12 957 
12 958 
12 959 
12 960 
12 65 
12 961 
12 962 
12 963 
12 964 
12 965 
12 966 
12 967 
12 968 
12 969 
12 970 
12 971 
12 972 
12 973 
12 974 
12 975 
12 976 
12 977 
12 978 
12 979 
12 980 
12 981 
12 982 
12 983 
12 984 
12 985 
12 986 
12 987 
12 988 
12 989 
12 990 
12 991 
12 992 
12 993 
12 994 
12 995
14 0
14 672
14 652
14 510
14 435
14 360
14 355
14 378
14 494
14 636
14 483
14 346
14 497
14 257
14 620
14 488
14 371
14 129
14 31
14 496
14 624
14 630
14 24
14 513
14 262
14 201
14 112
14 310
14 282
14 41
14 320
14 215
14 168
14 45
14 283
14 134
14 136
14 218
15 0
15 611
15 566
16 0 
16 510
16 664
16 9
16 168
16 293
18 226
18 42
20 0
20 209
20 604
20 65
20 180
20 99
20 181
20 57
20 168
24 0
24 633
24 245
24 221
24 579
24 37
24 96
24 516
24 14
24 282
24 332
24 217
24 313
24 223
24 231
24 283
24 293
24 134
29 0
29 356
29 195
29 65
29 483
29 586
29 627
29 41
29 290
29 284
29 283
29 293
31 0
31 633
31 266
31 642
31 539
31 658
31 420
31 399
31 442
31 628
31 649
31 626
31 677
31 523
31 665
31 417
31 460
31 373
31 321
31 664
31 14
31 616
40 0
40 150
40 259
40 285
40 133
40 538
40 43
40 87
40 23
40 595
40 249
41 0
41 491
41 198
41 483
41 204
41 29
41 301
41 242
41 78
41 14
44 0
44 699
44 359
44 568
61 0
61 266
61 652
61 569
61 84
61 393
61 341
61 402
61 361
61 639
61 395
61 221
61 219
61 418
61 173
61 399
61 439
61 137
61 499
61 391
61 36
61 315
61 106
61 4
61 319
61 148
61 6
61 366
61 570
61 454
61 174
61 485
61 409
61 324
61 104
61 397
61 408
61 352
61 68
61 424
61 645
61 254
61 384
61 441
61 392
61 411
61 383
61 373
61 406
61 348
61 51
61 624
61 388
61 367
61 333
61 171
61 297
61 470
61 331
61 405
61 357
65 12 
65 276 
65 996 
65 997 
65 322 
65 29 
65 417 
65 398 
65 470 
65 221 
65 522 
65 230 
65 998 
65 579 
65 439 
65 172 
65 481 
65 145 
65 131 
65 127 
65 999 
65 70 
65 66 
65 57 
65 45 
65 54 
65 52 
65 667 
65 1000 
65 48 
65 99 
65 257 
65 193 
65 92 
65 658 
65 51 
65 204 
65 241 
65 55 
65 325 
65 1001 
65 341 
65 1002 
65 83 
65 6 
65 1003 
65 457 
65 1004 
65 149 
65 96 
65 612 
65 418 
65 331 
65 410 
65 615 
65 173 
65 535 
65 604 
65 174 
65 510 
65 324 
65 203 
65 300 
65 250 
65 263 
65 1005 
65 620 
65 400 
65 533 
65 683 
65 393 
65 363 
65 539 
65 414 
65 125 
65 642 
65 587 
65 586 
65 84 
65 209 
65 652 
65 361 
65 214 
65 663 
65 437 
65 103 
65 380 
65 356 
65 1006 
65 181 
65 495 
65 401 
65 672 
65 118 
65 378 
65 631 
65 150 
65 569 
65 346 
65 387
92 0
92 631
92 633
92 429
92 245
92 652
92 203
92 676
92 458
92 362
92 457
92 65
92 662
92 439
92 286
92 577
92 637
92 570
92 421
92 140
92 645
92 167
92 441
92 398
92 313 
92 22
92 283
139 0
139 603
139 611
139 587
139 566
139 593
139 477
139 456
139 575
168 510
168 663
168 437
168 414
168 435
168 483
168 180
168 20
168 181
168 57
168 578
168 375
168 14
168 432
168 52
193 0
193 631
193 209
193 604
193 266
193 681
193 675
193 682
193 429
193 642
193 387
193 642
193 549
193 539
193 644
193 495
193 468
193 361
193 491
193 676
193 197
193 482
193 458
193 362
193 480
193 360
193 643
193 494
193 65
193 180
193 534
193 459
193 659
193 99
193 253
193 522
193 442
193 637
193 647
193 6
193 570
193 324
193 645
193 487
193 410
193 20
193 181
193 398
193 278
193 470
193 78
193 217
193 111
209 0
209 631
209 193
209 604
209 672
209 652
209 642
209 533
209 539
209 621
209 65
209 401
209 180
209 99
209 620
209 522
209 563
209 500
209 426
209 207
209 20
209 678
209 181
209 398
209 630
209 519
209 350
209 238
209 128
209 3
241 0
241 675
241 232
241 214
241 65
241 82
241 125
241 224
241 172
241 47
241 173
241 143
241 598
241 277
241 225
241 261
241 373
241 465
241 153
241 256
241 69
241 347
322 0
322 604
322 633
322 672
322 429
322 245
322 642
322 533
322 539
322 203
322 412
322 197
322 574
322 65
322 420
322 565
322 399
322 537
322 626
322 396
322 677
322 570
322 614
322 338
322 523
322 424
322 645
322 466
322 398
322 96
322 490
322 433
322 511
322 548
322 616
330 0
330 615
330 378
330 346
330 363
330 369
330 613
330 528
330 578
330 581
330 349
330 284
330 294
330 134
483 0
483 356
483 672
483 84
483 510
483 437
483 341
483 435
483 378
483 65
483 636
483 430
483 180
483 497
483 257
483 620
483 439
483 564
483 499
483 488
483 371
483 489
483 29
483 614
483 484
483 129
483 426
483 314
483 453
483 376
483 512
483 613
483 619
483 460
483 181
483 496
483 240
483 630
483 57
483 490
483 664
483 578
483 606
483 581
483 375
483 513
483 519
483 262
483 14
483 186
483 48
483 41
483 168
483 86
483 45
483 317
483 308
543 0
543 589
543 571
543 536
543 580
543 583
543 120
543 545
543 596
543 590
543 517
543 549
543 542
543 550
603 0
603 611
603 600
603 480
603 587
603 65
603 571
603 598
603 566
603 554
603 602
603 580
603 592
603 593
603 678
603 477
603 583
603 289
603 120
603 170
603 576
603 139
603 575
603 542
603 268
603 608
603 143
612 0
612 150
612 65
612 93
612 208
612 563
612 641
612 186
612 350
612 121
612 235
612 127
612 8
612 216
612 50
612 192
612 118
612 351
612 288
612 317
612 307
612 308
612 334
631 1007 
631 1008 
631 1009 
631 1010 
631 1011 
631 1012 
631 1013 
631 1014 
631 1015 
631 1016 
631 1017 
631 1018 
631 1019 
631 1020 
631 1021 
631 1022 
631 1023 
631 1024 
631 1025 
631 99 
631 1026 
631 1027 
631 1028 
631 1029 
631 1030 
631 1031 
631 1032 
631 1033 
631 1034 
631 1035 
631 1036 
631 1037 
631 1038 
631 1039 
631 1040 
631 1041 
631 1042 
631 1043 
631 1044 
631 1045 
631 1046 
631 1047 
631 1048 
631 323 
631 1049 
631 1050 
631 1051 
631 1052 
631 1053 
631 1054 
631 1055 
631 1056 
631 1057 
631 1058 
631 1059 
631 1060 
631 1061 
631 1062 
631 1063 
631 1064 
631 1065 
631 1066 
631 1067 
631 1068 
631 1069 
631 1070 
631 1071 
631 1072 
631 1073 
631 1074 
631 1075 
631 1076 
631 1077 
631 1078 
631 1079 
631 1080 
631 1081 
631 1082 
631 1083 
631 1084 
631 1085 
631 1086 
631 1087 
631 1088 
631 298 
631 1089 
631 1090 
631 1091 
631 1092 
631 1093 
631 1094 
631 1095 
631 1096 
631 1097 
631 1098 
631 1099 
631 1100 
631 1101 
631 1102 
631 1103 
631 1104 
631 1105 
631 1106 
631 1107 
631 1108 
631 1109 
631 1110 
631 45 
631 1111 
631 1112 
631 1113 
631 1114 
631 1115 
631 1116 
631 1117 
631 1118 
631 1119 
631 1120 
631 1121 
631 1122 
631 1123 
631 1124 
631 1125 
631 1126 
631 1127 
631 1128 
631 1129 
631 1130 
631 1131 
631 1132 
631 1133 
631 1134 
631 1135 
631 1136 
631 1137 
631 1138 
631 1139 
631 1140 
631 1141 
631 1142 
631 1143 
631 1144 
631 1145 
631 1146 
631 1147 
631 1148 
631 1149 
631 1150 
631 1151 
631 1152 
631 1153 
631 1154 
631 1155 
631 1156 
631 1157 
631 1158 
631 1159 
631 1160 
631 1161 
631 1162 
631 1163 
631 1164 
631 1165 
631 1166 
631 1167 
631 1168 
631 1169 
631 1170 
631 1171 
631 1172 
631 1173 
631 1174 
631 1175 
631 1176 
631 1177 
631 1178 
631 1179 
631 1180 
631 1181 
631 1182 
631 266 
631 1183 
631 1184 
631 1185 
631 1186 
631 400 
631 1187 
631 1188 
631 1189 
631 1190 
631 1191 
631 1192 
631 1193 
631 1194 
631 1195 
631 1196 
631 1197 
631 1198 
631 1199 
631 1200 
631 1201 
631 1202 
631 1203 
631 1204 
631 1205 
631 1206 
631 1207 
631 1208 
631 1209 
631 1210 
631 1211 
631 1212 
631 1213 
631 1214 
631 1215 
631 1216 
631 1217 
631 1218 
631 1219 
631 1220 
631 1221 
631 1222 
631 522 
631 1223 
631 1224 
631 1225 
631 1226 
631 65 
631 1227 
631 1228 
631 1229 
631 1230 
631 71 
631 1231 
631 1232 
631 1233 
631 1234 
631 1235 
631 1236 
631 1237 
631 1238 
631 1239 
631 1240 
631 1241 
631 1242 
631 1243 
631 1244 
631 1245 
631 1246 
631 1247 
631 1248 
631 1249 
631 1250 
631 1251 
631 1252 
631 1253 
631 1254 
631 1255 
631 1256 
631 1257 
631 1258 
631 1259 
631 1260 
631 1261 
631 1262 
631 1263 
631 1264 
631 1265 
631 1266 
631 396 
631 92 
631 1267 
631 1268 
631 1269 
631 1270 
631 1271 
631 1272 
631 1273 
631 1274 
631 1275 
631 1276 
631 1277 
631 373 
631 1278 
631 22 
631 1279 
631 1280 
631 96 
631 1281 
631 1282 
631 1283 
631 1284 
631 1285 
631 1286 
631 1287 
631 1288 
631 1289 
631 1290 
631 1291 
631 1292 
631 1293 
631 1294 
631 1295 
631 1296 
631 1297 
631 1298 
631 1299 
631 1300 
631 1301 
631 1302 
631 1303 
631 1304 
631 1305 
631 1306 
631 1307 
631 1308 
631 1309 
631 1310 
631 1311 
631 1312 
631 1313 
631 1314 
631 1315 
631 1316 
631 1317 
631 1318 
631 1319 
631 1320 
631 1321 
631 1322 
631 1323 
631 1324 
631 1325 
631 1326 
631 1327 
631 1328 
631 1329 
631 1330 
631 1331 
631 1332 
631 1333 
631 1334 
631 1335 
631 1336 
631 1337 
631 1338 
631 1339 
631 1340 
631 1341 
631 1342 
631 1343 
631 1344 
631 1345 
631 1346 
631 1347 
631 1348 
631 1349 
631 1350 
631 1351 
631 1352 
631 1353 
631 1354 
631 1355 
631 1356 
631 1357 
631 1358 
631 1359 
631 1360 
631 1361 
631 1362 
631 1363 
631 1364 
631 1365 
631 1366 
631 1367 
631 1368 
631 1369 
631 1370 
631 194 
631 1371 
631 1372 
631 1373 
631 439 
631 1374 
631 1375 
631 1376 
631 257 
631 1377 
631 1378 
631 1379 
631 1380 
631 1381 
631 1382 
631 1383 
631 1384 
631 1385 
631 1386 
631 1387 
631 1388 
631 1389 
631 1390 
631 1391 
631 1392 
631 1393 
631 1394 
631 1395 
631 1396 
631 1397 
631 1398 
631 1399 
631 1400 
631 1401 
631 1402 
631 1403 
631 1404 
631 1405 
631 1406 
631 260 
631 134 
631 1407 
631 1408 
631 1409 
631 1410 
631 1411 
631 1412 
631 1413 
631 1414 
631 1415 
631 1416 
631 1417 
631 1418 
631 1419 
631 1420 
631 319 
631 1421 
631 1422 
631 1423 
631 1424 
631 1425 
631 1426 
631 1427 
631 1428 
631 1429 
631 180 
631 181 
631 1430 
631 1431 
631 1432 
631 209 
631 491 
631 341 
631 1433 
631 1434 
631 1435 
631 1436 
631 1437 
631 464 
631 1438 
631 1439 
631 1440 
631 1441 
631 1442 
631 1443 
631 1444 
631 1445 
631 1446 
631 1447 
631 1448 
631 1449 
631 1450 
631 1451 
631 1452 
631 1453 
631 1454 
631 1455 
631 1456 
631 1457 
631 1458 
631 1459 
631 1460 
631 1461 
631 1462 
631 1463 
631 1464 
631 1465 
631 1466 
631 1467 
631 1468 
631 1469 
631 1470 
631 1471 
631 1472 
631 1473 
631 1474 
631 1475 
631 1476 
631 1477 
631 1478 
631 1479 
631 1480 
631 1481 
631 1482 
631 1483 
631 1484 
631 1485 
631 1486 
631 1487 
631 360 
631 1488 
631 1489 
631 1490 
631 1491 
631 1492 
631 1493 
631 1494 
631 1495 
631 1496 
631 1497 
631 1498 
631 1499 
631 1500 
631 1501 
631 1502 
631 1503 
631 203 
631 1504 
631 1505 
631 1506 
631 1507 
631 1508 
631 1509 
631 1510 
631 1511 
631 265 
631 1512 
631 1513 
631 1514 
631 1515 
631 1516 
631 1517 
631 1518 
631 1519 
631 1520 
631 1521 
631 1522 
631 1523 
631 1524 
631 1525 
631 1526 
631 380 
631 1527 
631 1528 
631 1529 
631 1530 
631 1531 
631 1532 
631 1533 
631 1534 
631 1535 
631 1536 
631 1537 
631 1538 
631 1539 
631 1540 
631 1541 
631 1542 
631 335 
631 1543 
631 1544 
631 1545 
631 299 
631 1546 
631 1547 
631 1548 
631 1549 
631 1550 
631 1551 
631 1552 
631 1553 
631 86 
631 301 
631 1554 
631 1555 
631 317 
631 1556 
631 1557 
631 1558 
631 1559 
631 1560 
631 1561 
631 1562 
631 1563 
631 1564 
631 1565 
631 1566 
631 253 
631 1567 
631 1568 
631 1569 
631 1570 
633 1571 
633 1572 
633 1573 
633 1574 
633 1575 
633 1576 
633 96 
633 645 
633 292 
633 1577 
633 1578 
633 663 
633 1579 
633 1580 
633 1581 
633 1582 
633 20 
633 1583 
633 1584 
633 1585 
633 1184 
633 1586 
633 1587 
633 1588 
633 1589 
633 1590 
633 62 
633 1591 
633 1592 
633 31 
633 1593 
633 675 
633 1594 
633 1595 
633 1596 
633 221 
633 1597 
633 1598 
633 400 
633 1599 
633 1600 
633 1601 
633 658 
633 1602 
633 1603 
633 1604 
633 1605 
633 1606 
633 1607 
633 1608 
633 1609 
633 1610 
633 1611 
633 1612 
633 1613 
633 1614 
633 1615 
633 1616 
633 1617 
633 1618 
633 1619 
633 1620 
633 1621 
633 1622 
633 1623 
633 1624 
633 1625 
633 1626 
633 599 
633 1627 
633 1628 
633 1629 
633 1630 
633 1631 
633 1632 
633 410 
633 1633 
633 1634 
633 1635 
633 1636 
633 1637 
633 1638 
633 1639 
633 1640 
633 1641 
633 1642 
633 1643 
633 1644 
633 1645 
633 1646 
633 1647 
633 1648 
633 1649 
633 68 
633 1650 
633 1651 
633 1652 
633 1653 
633 1654 
633 1655 
633 1656 
633 1657 
633 1658 
633 1659 
633 1660 
633 1661 
633 1662 
633 1663 
633 1664 
633 1665 
633 1666 
633 1667 
633 1668 
633 1669 
633 65 
633 647 
633 1228 
633 1670 
633 1671 
633 1672 
633 1673 
633 1674 
633 1675 
633 1676 
633 1677 
633 1678 
633 1679 
633 1680 
633 1681 
633 1682 
633 1683 
633 1684 
633 203 
633 1685 
633 1686 
633 1687 
633 1688 
633 1689 
633 1690 
633 1691 
633 1692 
633 1693 
633 92 
633 1694 
633 1695 
633 1696 
633 1697 
633 1698 
633 1699 
633 1700 
633 1701 
633 1702 
633 1703 
633 1704 
633 1705 
633 1706 
633 1707 
633 1708 
633 1709 
633 1710 
633 112 
633 1711 
633 1712 
633 1311 
633 1713 
633 1714 
633 1715 
633 1716 
633 1717 
633 1718 
633 38 
633 1719 
633 1720 
633 1721 
633 1722 
633 1723 
633 1724 
633 1725 
633 82 
633 1726 
633 1727 
633 134 
633 1728 
633 1729 
633 111 
633 1730 
633 1731 
633 1732 
633 313 
633 1733 
633 1734 
633 1735 
633 1736 
633 1737 
633 201 
633 1738 
633 1739 
633 1740 
633 1741 
633 1742 
633 1743 
633 1744 
633 1745 
633 179 
633 1746 
633 1747 
633 1748 
633 1749 
633 530 
633 1750 
633 1751 
633 1752 
633 1753 
633 1754 
633 1755 
633 1756 
633 1757 
633 1758 
633 1759 
633 1760 
633 1761 
633 1762 
633 1763 
633 1764 
633 1765 
633 1766 
633 1767 
633 1768 
633 1769 
633 1770 
633 1771 
633 24 
633 1772 
633 1773 
633 1774 
633 1775 
633 1776 
633 1777 
633 1778 
633 1779 
633 1780 
633 294 
633 1781 
633 1782 
633 1783 
633 1784 
633 1785 
633 398 
633 1786 
633 1787 
633 1788 
633 1789 
633 1790 
633 1791 
633 1792 
633 1793 
633 1794 
633 1795 
633 1796 
633 1797 
633 246 
633 1798 
633 1799 
633 1800 
633 1801 
633 525 
633 1802 
633 1803 
633 1804 
633 1805 
633 1806 
633 1807 
633 1808 
633 1809 
633 1810 
633 1811 
633 1812 
633 1813 
633 624 
633 1814 
633 1815 
633 1816 
633 1817 
633 1818 
633 1819 
633 233 
633 1820 
633 1821 
633 1822 
633 1823 
633 1824 
633 1825 
633 1826 
633 1827 
633 1828 
633 1829 
633 223 
633 570 
633 1830 
633 1831 
633 1832 
633 1833 
633 1834 
633 1835 
633 1836 
633 1837 
633 1838 
633 1839 
633 1840 
633 1841 
633 1842 
633 1843 
633 1844 
633 1845 
633 1846 
633 1847 
633 1848 
633 1849 
633 1850 
633 245 
633 1851 
633 1852 
633 1343 
633 1853 
633 1561 
633 1854 
633 1855 
633 1856 
633 67 
633 1857 
633 1858 
633 1859 
633 1860 
633 1861 
633 1862 
633 1863 
633 1864 
633 662 
633 672 
633 481 
633 541 
633 1865 
633 140 
633 1866 
633 1867 
633 669 
633 1868 
633 539 
633 1869 
633 1870 
633 1871 
633 1872 
633 1873 
633 1874 
633 1875 
633 1115 
633 1876 
633 278 
633 1877 
633 1878 
633 1879 
633 459 
633 1880 
633 1881 
633 1882 
633 1883 
633 1884 
633 1885 
633 1886 
633 286 
633 1887 
633 1888 
633 1889 
633 1890 
633 1891 
633 1892 
633 1893 
633 494 
633 75 
633 1894 
633 1895 
633 622 
633 1896 
633 678 
633 1897 
633 425 
633 576 
633 414 
633 137 
633 586 
633 37 
633 629 
633 1898 
633 1899 
633 1900 
633 1901 
633 1902 
633 1903 
633 1904 
633 1905 
654 0 
654 150
654 149
654 196
654 11
654 546
654 444
654 56
667 0
667 633
667 495
667 658
667 65
667 586
667 659
667 683
667 662
667 668
667 347
667 433
667 211
682 0
682 423
682 493
682 680
682 287
682 664
682 492
682 606
682 696
682 552
682 309
682 326
682 294
682 283
689 0
689 688
689 607
689 518
689 690
691 0
691 423
691 179
691 480
691 494
691 188
691 493
691 526
691 244
691 682
691 473
691 696
691 416
691 452
691 685
691 313
691 218
950 12
950 964
950 975
950 951
950 946
950 936
950 979
950 925
950 847
950 838
950 841
950 934
950 981
950 976
950 845
950 816
950 972
950 824
958 12
958 5
958 961
958 968
958 951
958 979
958 927
958 963
958 932
958 884
958 892
958 926
958 880
958 846
958 881
958 978
958 874
958 877
958 943
958 893
958 984
958 891
958 888
958 883
958 895
958 887
958 885
958 972
958 890
958 824
958 894
958 753
956 0
956 12
956 968
956 942
956 993
956 929
956 978
956 982
956 874
956 877
956 838
956 156
956 966
956 944
956 913
956 744
956 759
956 972
956 873
956 757
956 780
936 12
936 5
936 950
936 951
936 934
936 944
936 976
936 913
936 895
936 828
939 12
939 5
939 964
939 938
939 847 
939 841
939 909
939 760
939 816
939 897
939 780
939 735
953 12
953 5
953 987
953 940
953 784
953 759
953 793
953 820
953 745
953 747
953 740
953 19
990 12
990 5
990 0
990 918
990 929
990 981
990 845
818 0
818 12
818 991
818 927
818 928
818 959
818 954
818 913
818 767
818 790
818 824
818 788
818 856
818 753
818 735
19 0
19 12
19 5
19 961
19 985
19 946
19 936
19 925
19 988
19 990
19 993
19 953
19 928
300 65
300 0
300 99
300 539
300 439
300 398
300 495
300 642
300 533
300 604
300 586
221 0
221 65
221 633
221 414
221 418
221 324
221 410
221 417
221 631
221 361
221 325
221 535
221 457
221 393
221 341
221 331
221 470
356 0
356 65
356 672
356 346
356 615
356 393
356 378
356 29
48 65 
48 0
48 324
48 57
48 45
1567 631
1567 1173
1567 1467
1567 1122
1018 631
1018 1298
1018 1512
194 0
194 631
194 586
194 205
194 387
194 464
194 494
1407 631
1532 631
1161 631
1161 672
1161 401
1161 221
1161 409
1161 319
1161 6
1161 570
1161 408
1161 266
1161 393
1161 395 
1161 333
1161 325
1161 522
1161 371
1161 388
1161 470
1429 631
1429 1503
1429 1406
1429 1462
1429 1452
1429 1394
1429 1365
1429 1268
1429 1500
1549 631
1549 1547
1549 1443
205 631
205 0
205 681
205 441
205 586
205 370
205 387
205 1132
205 1224
205 1223
1572 633
1572 1901
1572 1850
1572 1792
1572 1677
1572 111
1572 1095
1572 1746
1572 313 
1572 1816
1572 1874
1901 633
1901 638
1901 495
1901 387
1901 617
1901 535
1901 1889
1901 36
1901 1892
1901 491
1901 1644
1901 1684
1901 1789
1901 1815
1901 525
1901 558
1901 586
1901 1866
1901 1900
1901 1572
1811 1780
1811 1779
1811 1887
1811 1751
1811 1640
1811 1879
1811 1666
1790 633
1790 1843
1790 1848
1790 1832
1790 1837
1790 1839
1790 1829
1790 1825
1790 1728
1790 1823
1790 1838
1790 1813
1790 1756
1790 1836
1790 1824
1790 1841
1790 1791
1790 1797
1790 1732
1790 1793
1790 1730
1790 1741
1790 1842
1790 1853
1790 1883
